14892213631827872714698622661753306593419511880535314582130374054530051773252975060633518390338974654761
2713524333742514037664571187769837436329179083064796194867717851244439123551090252809968190083798688157
11638080788465755618588466809031714586331021313855232435146850866716805452358118593849443061009137808758
15940945956489940960384282629905377527757386814955209050744043097249450822560388248988452467476204516713
16190278516551162596239439462891058487053036854704373074058222455869433102165607037044134213111157139764
14436510816982560789946078076658760161677759313318438562632494731073146118897311616130173763625285137868
6492822299550244971978275704225436017964720534100530871200840650684669055544155336047104688029423251820
9199782063380371439627922377392402448589943026163092332582174650741563697347571775230078342734482776445
10140201907279991019338210493242013121333992702482488283665821448747899429329302538584171028700269768929
10482305944963042554315142557602598817929152115710677049598044100604809312041133014394529752274543715676
7145740402760201819436079314170539121294033204652203815181065744750749138966879022108289474288525144441
16047098716042011125602427932653516173576300505281794786141320744542702355455143799954410516544342864254
14327291969679024929241584545203266709389992973713505623224810302765465918681830752437026309943343580413
9392030979094709272593965946693760254224427627846715996387805205114911622800019127146164543521630478455
10344030291317600892300210103990075263261420861929020661730264516144815208496058589331074076966248100157
15875793893882915346062581211277282334518408686568332096609190400888054039028988802409328732338865840253
13755184342310836051688549256040802256655472573331593885349875636046200303325673082320067849888874389885
7206109397592432540918199707643029320109831297794853312597193520166770197708757673717656703222123860309
15066340913983454538657545094266155592285215640873667187683277195095677045849797586223577894037662495177
13570005502495367810304743050206399327806861570040766303291876907087845479685023059028491614179441902445
15453604048866452290878423666137894590803487521196901480146524572673067916828148824160108692227723142107
9279079883723647876399382988706936612465974088727469115494436693973618215036097150381546524705016266733
13913354795089657333389023026401027101532797495391641992257525617713121472308378875527099672367924519215
6002628467493810714755246115992876694307716527618779644542679335104993394942855023037462211552929726629
4919690709331455618199371582723306169372278790009599694079770665259518551031914912874158637749089544568
13579503702480614019429517547331419879585579954047057902749618538439676202224261286200058319678471697757
16575203624404699884953217230117376134587653763293173889707816561994166830447221220625529611183517901692
15522611664286497737695147074335949921805591506308459444363838416925876353745240330030475640128688396653
14192770676791214369949423485819880683355859330244464244643050433571754706156572922309825061250270771706
6037607417463810252100050858165743564183822246666429583316314740832979166441838974326904317252577812829
15112785282353210121251253765478974801355454429437575107384761005307347871145055252157178832306029744990
9442268250326187951796082902722365554890223239323741026736528705499039547910204768395223867101286310389
7163086479106020047196625044284863819687389276762193803185239504485324369825220150703844753696154518778
11547308904908700899515037642938161566714924419853239383693993887634391530355474761311212769883456332889
13643094842102874279381061367298063106204375857776155031724725473627730145809363312080713477494872246589
12207602314330660127534503203307450807255458086278135136443652125425106555035428914086549460885865341361
547054610279492508201974522791756082398621532322464845493416353547560566759577388495637597391776462973
4658401706679436967175059238968700820235053612073526310374729366524403251211666613113362566418029802105
6900409510197162238358462002768835310867489223919474259064403391767173687624428449051947222405293421869
16704248205347824680397892447123931800098333065547284443925453835643356640154408277095997200074571645564
17270782175395405743806093549501228066411129847259604622890290603717436815325448916438157405848932173685
13914871666970525036655478188945837898988684120454772098460034046966270451024197309218890681665914939597
9153892943738992219031103134197896154093636993231001802546237311250401169006905832304091495399488565621
16222699013874804642963397295741727953977606360536873362573238608601490412806027877909556628336132253977
5009587060953653573506171123280927250024405431510420639020762583737895482148552529752916744848490021208
13636116685507880884091767650885497673899018499042668228182294760025758491852980502234965913541801410925
10692076826494208873713119641609403173866262349315661090783980058857760240618910657207704992208149635165
9836008737127772645830611740257394349012320675210586292572294438035614708428834263559637325536498415019
15740392200785929505122907561756894705505559333150120310505956647940064727688684285834057535530884850029
12756551152823478114087110582780096741288448107552497125818223355678969021570791934677082843368138219897
13778082676355433445501693329543407571631901382925498806549338103091758212561194422739160758814182700377
15033352094775344633799396933287055988855008741042029804473639896599933034182925135394621049960955218289
13911573321397816824290595815193077858150881294066053618421259414988518391080854418266400888551641326872
13921272553754076427146331652183808687414041707680678227987812784051663949664876954260818814971911251321
13889770252460973498709977454676529804292043438362687396974781105625157868988235723273244837816768670332
7052290168096866466350445163781383002956525623063122315136439685064620751965465423670739399049042076029
13877021388693652589179089692104070679542182463092936847405674591401645448168102995346605817867958854842
9984505692705589961017425598573480924014400579910315641125661287518911652390219932666706436748593615925
4918275651539328931215191725027762881347820682419975227086416359538679798015225606009078128327071920565
13509257524316235794541597874406362263607795902233641688880064569383500676139484970014150055766917145412
16974842242369582714306630503203988798916630508179178326881410433442927649271986297008643666235679574899
4821495847349584322797579236540941512949794094756594840321054370342429984303069462099652974254799497579
13587195890827771805639197604083582610795529027685575604684086060832795286136744236240794711445371102141
5363806973643981829327658113317060863392071625381379642074586650038707089333121696300082478571214938172
4918004366139653844066829351016980686882740269104927807417001466418896131680624426618768994501408598391
13981673752023492764104697598801544337526235050251807373119361860303396420588090198137400069477380006015
15011355467245128037720548175564342441783431886571728427978085287942509971250812799300194803479115082045
16221447893389111648226332961553693049120606824542631568715769294312158549180429731997652023086916702837
16640995202496525930628916556996153624328000607624878893260089771185909045440735413472744533083711742807
13957611844635819237576371011075612181656856390676953933454251653586058867796774882763236094056314589565
9442064404934210505962251363619711588526836968661251974313338513507716964478506362059061787543330371116
17061216561397030154672367792857913937582782001584725416385704946868008733212980938579630537754167681501
15418946583644653906620967592131580024041486323677710536913902801787708385082319947476066512870809608297
4891763679153671055302276061232772841684479597413715015246741377251955693664467405056960211130896638349
614186882279393327399168691615002650209461231418053167502154146224796086610502693073701046513687442221
4960933244987315665998970750794363895934734507045636526854190433209707631308476115613657361196126118264
13911846712008447307280876639500616285278083892377363935534396032929703659223442816345791139365643893117
13590051605765921950114094243041478673101340996272089560303431101810244073495545616251207494522588127604
14195616852396412960281657648365960789806472375700865476058356284879501184610647876424762391580781324781
9379623530494670995992140524431762394507503099524416368233334630782808792419847846090633248594939502949
13640482249908026338892989138095620679169774535162764428608642858102494233417665658365815025849573617596
12651297716357984550092249165794966444704724530891727026156486455551728772289246873241700960077542353125
4904902302145039559812402563296309555227732573285089342596594283984988215358457458277049802632586605948
17273651185568001377835724249463737656109572641230811599118807150626282887210537438147373616359631533517
5303787986579915830678096511280078372890599584644934268636419825783254825991671426167351873951576499069
14340411740186388927429208800846350127888485097099222117379487197782988107830176003625560790083106783297
17763289609988704580080881461609166880101038689992851050532111233476427526829799544960275548735037514037
15746565825137204228524135203004283315577270869219627414870358484224864320465079393346718447123217482060
9135028382196351589611903016347507756008828685297550743243095993687919300231399002178786020701072191535
6052665909065011135383657544459613405650857031890122826254325703202527680276767828757208936343669088349
9292310224982605044962333596663234009686406340570000864035106536786617357580889265555124076185563701725
15385917140212478126078187651170414992108766579208990236312571059538572839575689264204551308840854187749
16156377949894842004300919633457104026635685543624885743937903331494015269924483800680245904626493767033
13925380209536870642037935963184039242864890434834048925093956056712704564946271379633458396026888529253
14440204482858416968699123519563764273472415101656998630976315024156658424464567951206753732368001978523
4545896815150302628962097768952446339387005253727994763615961628725468326084264777998685876841794252829
16408787639544737351346158123069608354365091190873452842116912054925507949730462388522553587257405899645
16012831410879737093602181368191326438429707062716648862992852175964133241499018611572000246149260522621
13736593259801406954490619074798413483210199125501314502235638970550712210083275104043380961388161156829
13777672755875499490147859302457545050480969615565448962715267044935671926809246210107479400698954458493
